U = [2,3,2,4;0,4,-8,-8;0,0,3,9;0,0,0,-49]
L = [1,0,0,0;,2,1,0,0;-1.5,5/8,1,0;-1,7/4,20/3,1]
L*U